000111000111111111
000111100110111111
000111100111110111
000111110100111111
000111110110110111
000111110111100111
100110100110111111
100110100111110111
100110110100111111
100110110110110111
100110110111100111
100110111000111111
100110111100110111
100110111110100111
100110111111000111
100111000111110111
100111100110110111
100111100111100111
100111110100110111
100111110110100111
100111110111000111
110100110100111111
110100110110110111
110100110111100111
110100111000111111
110100111100110111
110100111110100111
110100111111000111
110110100110110111
110110100111100111
110110110100110111
110110110110100111
110110110111000111
110111000111100111
110111100110100111
110111100111000111
111110100110100111
111000111110100111
111000111111000111
111100110100110111
111100110110100111
111100110111000111
111110100111000111
111111000111000111






                        100110100111111110
			100110110110111110
			100110110111110110
			100110111100111110
			100110111110110110
			100110111111100110
			100111000111111110
			100111100110111110
			100111100111110110
			100111110100111110
			100111110110110110
			100111110111100110
			110100110110111110
			110100110111110110
			110100110111111100
			110100111100111110
			110100111110110110
			110100111110111100
			110100111111100110
			110100111111110100
			110110100110111110
			110110100111110110
			110110100111111100
			110110110100111110
			110110110110110110
			110110110110111100	
			110110110111100110
			110110110111110100
			110110111000111110
			110110111100110110
			110110111100111100
			110110111110100110
			110110111110110100
			110111000111110110
			110111000111111100
			110111100110110110
			110111100110111100
			110111100111100110
			110111100111110100
			110111110100110110
			110111110100111100
			110111110110100110
			110111110110110100
			111000111100111110
			111000111110110110
			111000111110111100
			111000111111100110
			111000111111110100
			111000111111111000
			111100110100111110
			111100110110110110
			111100110110111100
			111100110111100110
			111100110111110100
			111100110111111000
			111100111000111110
			111100111100110110
			111100111100111100
			111100111110100110
			111100111110110100
			111100111110111000
			111110100110110110
			111110100110111100
			111110100111100110
			111110100111110100
			111110100111111000
			111110110100110110
			111110110100111100
			111110110110100110
			111110110110110100
			111110110110111000
			111110111000111100
			111110111100110100
			111110111100111000
			111111000111100110
			111111000111110100
			111111000111111000
			111111100110100110
			111111100110110100
			111111100110111000
			111111110100110100
			111111110100111000
